%YAML:1.0
---
matrix: !!opencv-matrix
   rows: 80
   cols: 64
   dt: f
   data: [ 1.96343940e-03, -4.98258800e-04, 5.30670118e-03,
       3.63814621e-03, 5.44863679e-02, -4.38428797e-05, 6.52701557e-02,
       1.95780471e-02, 5.02155907e-03, 5.92662580e-03, 1.14111714e-02,
       8.93360749e-03, -5.84367255e-04, 1.06967404e-03, 1.31548406e-03,
       1.51366391e-03, 9.23793484e-03, 1.96623639e-03, 3.91135737e-02,
       2.09294222e-02, 4.37812179e-01, 1.52302189e-02, 5.03336430e-01,
       8.28215405e-02, 2.06475593e-02, 1.88970901e-02, 4.50151116e-02,
       3.51001993e-02, -7.93069601e-03, -1.55689556e-03, 1.12712942e-02,
       9.36273765e-03, 4.48985305e-03, 2.96905241e-03, 3.85061502e-02,
       1.95170976e-02, 4.60112482e-01, -1.23143718e-02, 5.11547625e-01,
       7.62461275e-02, 6.62971986e-03, 3.65050597e-04, 3.85292843e-02,
       2.76358631e-02, -1.28494026e-02, 1.38104719e-03, 1.82914566e-02,
       1.01136044e-02, 1.40025618e-03, 1.71267253e-03, 4.92947735e-03,
       3.39279859e-03, 5.03824167e-02, 1.43058569e-04, 5.87629825e-02,
       1.97882392e-02, 4.65611508e-03, -1.33754229e-02, 1.02103539e-02,
       1.89290792e-02, -9.47103894e-04, -1.82925735e-03, 1.66259846e-03,
       3.14455410e-03, 5.47850796e-04, 2.25047115e-04, 5.96463773e-03,
       6.60331734e-03, 3.62920109e-03, -7.71812047e-04, 4.62003611e-02,
       4.27063815e-02, 2.10023243e-02, 1.07702063e-02, 4.02171947e-02,
       4.51432578e-02, -1.27898122e-03, 2.08513252e-03, 5.64341201e-03,
       6.64631929e-03, 2.07104511e-03, -9.64534655e-03, 5.00677824e-02,
       4.29985039e-02, 7.95219094e-03, -1.09266289e-01, 2.54031032e-01,
       2.00997397e-01, 3.05269063e-01, -5.11015654e-02, 3.81124675e-01,
       1.82047248e-01, -2.73115244e-02, -1.76281184e-02, 4.92132865e-02,
       4.64930572e-02, 6.02588803e-03, 8.82610213e-03, 6.03274219e-02,
       3.38984504e-02, 6.87356964e-02, 1.80271804e-01, 2.22666651e-01,
       2.89159119e-01, 5.36567420e-02, -4.92660068e-02, 3.75901669e-01,
       3.43595117e-01, 1.24442074e-02, -5.83599601e-03, 7.11922497e-02,
       6.40432388e-02, -1.03584013e-03, -6.72376773e-05, 4.92272200e-03,
       4.12582885e-03, -5.40627341e-04, -3.35565507e-02, 4.95452434e-02,
       5.57578094e-02, 8.46493989e-04, -9.47662815e-03, 6.37866631e-02,
       6.33648932e-02, 2.15438893e-03, -1.67345186e-03, 5.41443611e-03,
       6.33765431e-03, 2.27195094e-03, -3.68258479e-04, 4.40116087e-03,
       4.17052442e-03, 5.62467100e-03, -4.95474897e-02, 4.30069678e-02,
       6.73224702e-02, 1.48674184e-02, 1.13770477e-02, 5.09043671e-02,
       5.17188832e-02, 4.60162060e-03, 2.13594991e-04, 5.98452659e-03,
       2.79634749e-03, -5.27467579e-03, -5.60342753e-03, 2.96216980e-02,
       4.91802692e-02, 1.35504380e-01, -8.38044658e-02, 2.44395256e-01,
       3.13622206e-01, 2.88819849e-01, -1.22339576e-01, 3.18315655e-01,
       2.41948679e-01, 1.03347357e-02, 1.15726953e-02, 3.01936138e-02,
       2.79779602e-02, -8.53008870e-03, -2.70501850e-03, 2.66275201e-02,
       3.05750109e-02, 5.46042733e-02, -5.50613888e-02, 1.46203414e-01,
       1.51086241e-01, 4.12928492e-01, 3.62887084e-02, 4.50138181e-01,
       2.14397833e-01, 1.50238872e-02, 3.98250530e-04, 4.59076278e-02,
       4.48373668e-02, -6.86176936e-04, 2.04076036e-03, 3.07104946e-03,
       3.27834254e-03, 5.79942483e-03, 2.13608406e-02, 2.26355996e-02,
       3.01741865e-02, 4.23908904e-02, -7.83192087e-03, 4.89050820e-02,
       2.90058404e-02, 5.07480837e-03, -2.74840184e-03, 8.80653877e-03,
       3.90019943e-03, -5.79646276e-03, -3.14798951e-03, 6.42634276e-03,
       4.57059965e-03, 8.71102791e-03, -1.87078565e-02, 2.70187631e-02,
       4.20834795e-02, 2.43578572e-02, -2.51487806e-03, 2.78749745e-02,
       3.20150368e-02, 2.18353234e-04, -7.34417932e-04, 3.07681528e-03,
       4.03617835e-03, -5.17119095e-02, -1.22162057e-02, 6.04941174e-02,
       2.56271325e-02, -4.38673384e-02, -1.68493632e-02, 3.23582381e-01,
       1.74164400e-01, 3.38629335e-01, -8.97692814e-02, 3.54577631e-01,
       1.71143889e-01, 4.31669177e-03, 1.80402957e-03, 2.24218275e-02,
       1.46974940e-02, -2.90092304e-02, 9.57954675e-03, 5.49571142e-02,
       2.20403876e-02, -1.19578853e-01, 6.20870776e-02, 4.34838325e-01,
       1.53278127e-01, 3.37604195e-01, 4.78136986e-02, 3.66347343e-01,
       1.44208953e-01, 8.58811941e-03, -2.47427291e-04, 1.90008394e-02,
       8.09128582e-03, -8.95601755e-04, 7.37557362e-04, 4.88065975e-03,
       3.64769925e-03, 5.53641061e-04, 5.36667835e-03, 2.72792354e-02,
       2.63631251e-02, 2.35643443e-02, 1.10650565e-02, 3.35873216e-02,
       2.77087837e-02, 8.32175545e-04, -1.05285447e-03, 2.85301311e-03,
       2.23343982e-03, -1.96556281e-03, -7.86784280e-04, 6.04636502e-03,
       4.61437926e-03, -2.30036918e-02, 7.86898006e-03, 3.23778801e-02,
       1.92672964e-02, 3.41129005e-02, 3.03073712e-02, 4.36616801e-02,
       3.49683501e-02, -1.77369526e-04, 3.23852291e-03, 6.04798319e-03,
       3.86769651e-03, 4.01719194e-03, 1.54907582e-02, 5.17843924e-02,
       2.48662997e-02, -2.15343192e-01, -2.86326893e-02, 2.50539631e-01,
       2.10210592e-01, 3.24261934e-01, 1.43553838e-02, 3.62555474e-01,
       1.83604017e-01, -3.03033385e-02, -3.98219237e-03, 5.22077307e-02,
       2.47289948e-02, -7.47375237e-03, -5.12187276e-03, 3.50918695e-02,
       1.91277768e-02, -1.91645950e-01, 5.36236167e-02, 2.69516259e-01,
       2.16194838e-01, 1.53806791e-01, -1.53633788e-01, 3.17531407e-01,
       3.71653467e-01, -4.19364683e-02, -5.74869029e-02, 6.19659498e-02,
       6.49073571e-02, -3.03852605e-03, -1.07226043e-03, 7.26011815e-03,
       3.77487298e-03, -2.11509243e-02, -2.42299344e-02, 5.02948575e-02,
       3.77952643e-02, -2.00847667e-02, -1.43317338e-02, 4.09318544e-02,
       4.56042290e-02, -1.18680706e-03, -2.77092657e-03, 4.56029922e-03,
       5.16047888e-03, 1.22784567e-03, 2.11503287e-03, 8.31784774e-03,
       4.92765894e-03, 6.54756427e-02, 1.36576900e-02, 7.78549388e-02,
       4.49557304e-02, -1.91849247e-02, -1.57431494e-02, 5.02740145e-02,
       7.02049434e-02, 5.01380651e-04, -5.56275574e-03, 1.11779729e-02,
       1.21518541e-02, 2.91351713e-02, 7.63479061e-03, 6.49996251e-02,
       2.74765939e-02, 2.79421687e-01, 4.63100895e-02, 3.61766726e-01,
       1.85857385e-01, -2.35087171e-01, 9.00344327e-02, 4.12512332e-01,
       3.76530528e-01, -1.37689887e-02, 4.46875580e-04, 8.61522704e-02,
       7.19609484e-02, 1.74356140e-02, 1.65185295e-02, 4.62153740e-02,
       3.78804319e-02, 1.69821247e-01, -2.02537123e-02, 1.91945791e-01,
       1.31685063e-01, 4.49514575e-03, -1.37937125e-02, 1.86926022e-01,
       2.69455671e-01, -1.91498585e-02, 4.18377742e-02, 5.50866723e-02,
       7.11517558e-02, -5.22940420e-03, 1.67916473e-02, 1.27693256e-02,
       2.05611140e-02, -2.03922973e-03, 9.02169105e-03, 4.73950021e-02,
       3.28576863e-02, 8.16052873e-03, -5.68863191e-03, 3.78285684e-02,
       2.51853783e-02, -7.52850494e-04, -6.96840347e-04, 5.96259162e-03,
       4.85372962e-03, -2.61651032e-04, -3.54442815e-03, 7.30673037e-03,
       5.82837872e-03, 5.13834655e-02, -1.70488488e-02, 5.59968464e-02,
       2.48098243e-02, 5.29952161e-03, -2.39592069e-03, 1.77226160e-02,
       1.37750236e-02, -6.71954593e-04, -5.52654732e-04, 2.27760524e-03,
       2.98947468e-03, -1.75286755e-02, -3.17050633e-03, 5.53994924e-02,
       2.68718526e-02, 4.92256880e-01, -2.40814425e-02, 5.55679142e-01,
       1.05639584e-01, -6.22579083e-03, -4.63771187e-02, 9.79850963e-02,
       6.67377859e-02, -5.69338968e-04, -8.14250857e-03, 1.24015380e-02,
       1.13122705e-02, -1.58395860e-02, 1.07687097e-02, 5.56657352e-02,
       2.90171485e-02, 3.76302928e-01, 2.44255383e-02, 4.19094115e-01,
       1.19938441e-01, -2.42701601e-02, -1.07605837e-01, 8.71289447e-02,
       1.10835105e-01, 2.34871986e-03, -1.06815537e-02, 1.06872730e-02,
